p1
-210 100 400 1
0 40 0
30 10 30
30 20 -30
-30 -20 -30
-30 -10 30
0.3 3 0 2 1
0.3 3 0 3 2
0.3 3 0 4 3
0.3 3 0 1 4
0.3 4 1 2 3 4
-0.3
tank1
300 120 500 1
50  50 50
-50  50 50
-50  50 -50
 50  50 -50
 50 -50 50
-50 -50 50
-50 -50 -50
 50 -50 -50
0.3 3 2 1 0 
0.3 3 3 2 0
0.3 3 4 7 0 
0.3 3 7 3 0
0.3 3 6 7 4 
0.3 3 5 6 4
0.3 3 2 6 1 
0.3 3 6 5 1
0.3 3 7 6 3 
0.3 3 6 2 3
0.3 3 5 4 0 
0.3 3 1 5 0 
-0.3
tank1
-150 120 500 1
50  50 50
-50  50 50
-50  50 -50
 50  50 -50
 50 -50 50
-50 -50 50
-50 -50 -50
 50 -50 -50
0.3 3 2 1 0 
0.3 3 3 2 0
0.3 3 4 7 0 
0.3 3 7 3 0
0.3 3 6 7 4 
0.3 3 5 6 4
0.3 3 2 6 1 
0.3 3 6 5 1
0.3 3 7 6 3 
0.3 3 6 2 3
0.3 3 5 4 0 
0.3 3 1 5 0 
-0.3
cube1
-50 120 510 1
 50  50 50
-50  50 50
-50  50 -50
 50  50 -50
 50 -50 50
-50 -50 50
-50 -50 -50
 50 -50 -50
0.3 3 2 1 0 
0.3 3 3 2 0
0.3 3 4 7 0 
0.3 3 7 3 0
0.3 3 6 7 4 
0.3 3 5 6 4
0.3 3 2 6 1 
0.3 3 6 5 1
0.3 3 7 6 3 
0.3 3 6 2 3
0.3 3 5 4 0 
0.3 3 1 5 0 
-0.33