20
light1
100 350 500 1
0 40 0
30 10 30
30 20 -30
-30 -20 -30
-30 -10 30
0.3 3 0 2 1
0.3 3 0 3 2
0.3 3 0 4 3
0.3 3 0 1 4
0.3 4 1 2 3 4
-0.3
light2
100 350 500 1
0 40 0
30 10 30
30 20 -30
-30 -20 -30
-30 -10 30
0.3 3 0 2 1
0.3 3 0 3 2
0.3 3 0 4 3
0.3 3 0 1 4
0.3 4 1 2 3 4
-0.3
light3
100 350 500 1
0 40 0
30 10 30
30 20 -30
-30 -20 -30
-30 -10 30
0.3 3 0 2 1
0.3 3 0 3 2
0.3 3 0 4 3
0.3 3 0 1 4
0.3 4 1 2 3 4
-0.3
tank1
300 120 500 1
50  50 50
-50  50 50
-50  50 -50
 50  50 -50
 50 -50 50
-50 -50 50
-50 -50 -50
 50 -50 -50
0.3 3 2 1 0 
0.3 3 3 2 0
0.3 3 4 7 0 
0.3 3 7 3 0
0.3 3 6 7 4 
0.3 3 5 6 4
0.3 3 2 6 1 
0.3 3 6 5 1
0.3 3 7 6 3 
0.3 3 6 2 3
0.3 3 5 4 0 
0.3 3 1 5 0 
-0.3
tank1
-150 120 500 1
50  50 50
-50  50 50
-50  50 -50
 50  50 -50
 50 -50 50
-50 -50 50
-50 -50 -50
 50 -50 -50
0.3 3 2 1 0 
0.3 3 3 2 0
0.3 3 4 7 0 
0.3 3 7 3 0
0.3 3 6 7 4 
0.3 3 5 6 4
0.3 3 2 6 1 
0.3 3 6 5 1
0.3 3 7 6 3 
0.3 3 6 2 3
0.3 3 5 4 0 
0.3 3 1 5 0 
-0.3
tower1
-150 120 800 1
-10 60 -10
 10 60 -10
 10 60 10
-10 60 10
-10 0 -10
 10 0 -10
 10 0 10
-10 0 10
-15 70 15
-15 70 -15
 15 70 -15
 15 70 15
-15 60 -15
 15 60 -15
 15 60 15
-15 60 15
0.3 3 0 4 5 
0.3 3 0 5 1
0.3 3 1 5 6 
0.3 3 1 6 2
0.3 3 2 6 7 
0.3 3 2 7 3
0.3 3 0 3 7 
0.3 3 0 7 4
0.3 3 9 12 13 
0.3 3 9 13 10
0.3 3 10 13 14 
0.3 3 10 14 11
0.3 3 11 14 15 
0.3 3 11 15 8
0.3 3 8 15 12 
0.3 3 8 12 9
0.3 3 15 14 13 
0.3 3 15 13 12
-0.3
tower2
150 120 800 1
-10 60 -10
 10 60 -10
 10 60 10
-10 60 10
-10 0 -10
 10 0 -10
 10 0 10
-10 0 10
-15 70 15
-15 70 -15
 15 70 -15
 15 70 15
-15 60 -15
 15 60 -15
 15 60 15
-15 60 15
0.3 3 0 4 5 
0.3 3 0 5 1
0.3 3 1 5 6 
0.3 3 1 6 2
0.3 3 2 6 7 
0.3 3 2 7 3
0.3 3 0 3 7 
0.3 3 0 7 4
0.3 3 9 12 13 
0.3 3 9 13 10
0.3 3 10 13 14 
0.3 3 10 14 11
0.3 3 11 14 15 
0.3 3 11 15 8
0.3 3 8 15 12 
0.3 3 8 12 9
0.3 3 15 14 13 
0.3 3 15 13 12
-0.3
tower3
0 120 800 1
-10 60 -10
 10 60 -10
 10 60 10
-10 60 10
-10 0 -10
 10 0 -10
 10 0 10
-10 0 10
-15 70 15
-15 70 -15
 15 70 -15
 15 70 15
-15 60 -15
 15 60 -15
 15 60 15
-15 60 15
0.3 3 0 4 5 
0.3 3 0 5 1
0.3 3 1 5 6 
0.3 3 1 6 2
0.3 3 2 6 7 
0.3 3 2 7 3
0.3 3 0 3 7 
0.3 3 0 7 4
0.3 3 9 12 13 
0.3 3 9 13 10
0.3 3 10 13 14 
0.3 3 10 14 11
0.3 3 11 14 15 
0.3 3 11 15 8
0.3 3 8 15 12 
0.3 3 8 12 9
0.3 3 15 14 13 
0.3 3 15 13 12
-0.3
tower4
0 120 800 1
-10 60 -10
 10 60 -10
 10 60 10
-10 60 10
-10 0 -10
 10 0 -10
 10 0 10
-10 0 10
-15 70 15
-15 70 -15
 15 70 -15
 15 70 15
-15 60 -15
 15 60 -15
 15 60 15
-15 60 15
0.3 3 0 4 5 
0.3 3 0 5 1
0.3 3 1 5 6 
0.3 3 1 6 2
0.3 3 2 6 7 
0.3 3 2 7 3
0.3 3 0 3 7 
0.3 3 0 7 4
0.3 3 9 12 13 
0.3 3 9 13 10
0.3 3 10 13 14 
0.3 3 10 14 11
0.3 3 11 14 15 
0.3 3 11 15 8
0.3 3 8 15 12 
0.3 3 8 12 9
0.3 3 15 14 13 
0.3 3 15 13 12
-0.3
tower4
0 120 200 1
-10 60 -10
 10 60 -10
 10 60 10
-10 60 10
-10 0 -10
 10 0 -10
 10 0 10
-10 0 10
-15 70 15
-15 70 -15
 15 70 -15
 15 70 15
-15 60 -15
 15 60 -15
 15 60 15
-15 60 15
0.3 3 0 4 5 
0.3 3 0 5 1
0.3 3 1 5 6 
0.3 3 1 6 2
0.3 3 2 6 7 
0.3 3 2 7 3
0.3 3 0 3 7 
0.3 3 0 7 4
0.3 3 9 12 13 
0.3 3 9 13 10
0.3 3 10 13 14 
0.3 3 10 14 11
0.3 3 11 14 15 
0.3 3 11 15 8
0.3 3 8 15 12 
0.3 3 8 12 9
0.3 3 15 14 13 
0.3 3 15 13 12
-0.3
p1
50 100 400 1
0 40 0
30 10 30
30 20 -30
-30 -20 -30
-30 -10 30
0.3 3 0 2 1
0.3 3 0 3 2
0.3 3 0 4 3
0.3 3 0 1 4
0.3 4 1 2 3 4
-0.3
p1
100 100 400 1
0 40 0
30 10 30
30 20 -30
-30 -20 -30
-30 -10 30
0.3 3 0 2 1
0.3 3 0 3 2
0.3 3 0 4 3
0.3 3 0 1 4
0.3 4 1 2 3 4
-0.33